       100        294      73301
       150        526      47964
       225        585      67785
       337       1233     151914
       505       1148     199529
       757       1974     390324
      1135       3646     916202
      1702       4860    1759118
      2553      10282    3996540
      3829       9723    9112847
      5743      14357   20865164
      8614      29084   47004858
     12921      37371  107393039
     19381      67648  243418483
     29071      76954  561327361
     43606     124167 1296971666
     65409     148590 -1307518798
     98113     241399 -1679461735
